3 Kaz 6
0 1431917973631 Rock 6 0
0 1431917973646 Rock 6 1
0 1431917973647 Jim 6 0
0 1431917973648 Rock 1 0
1
2 Rock
0 1431917973650 Nacy 2 0
2 Nacy
0 1431917973651 Mike 5 0
0 1431917973652 Jack 4 0
3 Rock 2
3 Matt 5
1
0 1431917973653 Jim 6 1
0 1431917973654 Jim 6 0
4 1431917972905 1431917973580
3 Kaz 0
1
2 Mike
0 1431917973655 Rock 1 1
4 1431917973347 1431917973626
0 1431917973657 Nacy 2 1
2 Jack
0 1431917973658 Nacy 6 0
0 1431917973659 Mike 5 1
4 1431917973580 1431917973652
2 Matt
0 1431917973660 Jim 6 1
0 1431917973661 Jack 4 1
2 Jack
0 1431917973662 Jack 3 0
0 1431917973663 Matt 7 0
3 Matt 2
0 1431917973665 Jack 3 1
4 1431917973636 1431917973663
0 1431917973666 Nacy 6 1
1
0 1431917973667 Jack 2 1
4 1431917973498 1431917973651
3 Kaz 4
0 1431917973668 Matt 7 1
1
2 Kaz
1
2 Jack
0 1431917973669 Matt 6 0
0 1431917973670 Jim 5 0
0 1431917973672 Nacy 3 0
0 1431917973674 Kaz 0 0
4 1431917973635 1431917973671
2 Jack
4 1431917972855 1431917973593
4 1431917973655 1431917973673
1
0 1431917973675 Jim 5 1
0 1431917973676 Rock 2 0
0 1431917973678 Jim 5 0
1
0 1431917973679 Nacy 3 1
4 1431917973440 1431917973656
1
0 1431917973680 Rock 2 1
0 1431917973681 Rock 5 0
0 1431917973682 Mike 1 0
0 1431917973684 Nacy 5 0
0 1431917973685 Nacy 5 1
1
0 1431917973686 Kaz 8 0
0 1431917973687 Nacy 0 1
0 1431917973688 Jack 1 1
2 Rock
0 1431917973689 Jim 5 1
3 Mike 4
2 Rock
3 Matt 1
0 1431917973691 Kaz 0 1
1
0 1431917973692 Jack 4 0
0 1431917973693 Kaz 8 0
3 Nacy 5
0 1431917973695 Nacy 0 0
0 1431917973696 Jack 4 1
0 1431917973697 Nacy 0 1
0 1431917973698 Nacy 6 0
0 1431917973699 Matt 6 1
0 1431917973700 Rock 5 1
0 1431917973701 Jack 2 0
2 Nacy
0 1431917973703 Matt 6 0
0 1431917973704 Nacy 6 1
0 1431917973705 Kaz 8 1
4 1431917973556 1431917973691
0 1431917973706 Jim 0 0
0 1431917973707 Jim 0 1
1
4 1431917973199 1431917973658
0 1431917973709 Kaz 4 0
4 1431917973250 1431917973664
0 1431917973710 Nacy 3 0
0 1431917973711 Mike 1 1
3 Nacy 8
0 1431917973712 Mike 5 0
4 1431917973064 1431917973649
0 1431917973714 Kaz 4 1
0 1431917973715 Rock 5 0
3 Kaz 8
0 1431917973716 Kaz 3 0
0 1431917973718 Rock 5 1
2 Mike
0 1431917973719 Mike 5 1
2 Mike
0 1431917973720 Matt 6 1
2 Mike
0 1431917973721 Matt 6 0
0 1431917973723 Rock 3 1
0 1431917973724 Jack 2 1
3 Mike 0
0 1431917973725 Kaz 3 1
0 1431917973726 Rock 6 0
0 1431917973727 Nacy 3 1
0 1431917973729 Kaz 1 0
0 1431917973730 Mike 0 0
1
1
1
1
1
4 1431917973571 1431917973715
4 1431917973111 1431917973669
0 1431917973731 Nacy 3 0
0 1431917973733 Matt 6 1
2 Mike
0 1431917973734 Matt 2 0
0 1431917973735 Nacy 3 1
0 1431917973737 Matt 2 1
4 1431917973178 1431917973682
4 1431917972858 1431917973650
4 1431917973378 1431917973702
0 1431917973738 Kaz 1 1
1
4 1431917973259 1431917973691
0 1431917973739 Mike 0 1
3 Rock 6
0 1431917973740 Matt 8 0
4 1431917972962 1431917973664
0 1431917973742 Kaz 8 0
1
1
1
0 1431917973743 Jim 1 0
0 1431917973744 Jack 6 0
1
0 1431917973745 Jim 1 1
1
1
4 1431917973397 1431917973712
0 1431917973747 Mike 4 0
0 1431917973748 Nacy 2 0
4 1431917973629 1431917973737
0 1431917973749 Kaz 8 1
4 1431917972940 1431917973669
4 1431917973070 1431917973682
0 1431917973750 Jim 8 0
0 1431917973752 Rock 6 1
0 1431917973753 Jim 0 0
0 1431917973754 Nacy 2 1
0 1431917973755 Nacy 5 0
2 Rock
4 1431917973467 1431917973728
0 1431917973757 Kaz 3 0
0 1431917973758 Mike 4 1
0 1431917973761 Nacy 5 1
1
1
4 1431917973472 1431917973733
0 1431917973762 Rock 7 0
0 1431917973763 Matt 8 1
0 1431917973764 Kaz 3 1
4 1431917973616 1431917973751
0 1431917973766 Mike 3 0
1
0 1431917973767 Mike 3 0
0 1431917973768 Matt 5 0
0 1431917973769 Rock 7 1
0 1431917973771 Rock 4 0
0 1431917973772 Matt 1 0
4 1431917972873 1431917973683
0 1431917973773 Jim 8 1
1
0 1431917973775 Jim 6 0
0 1431917973777 Matt 5 1
0 1431917973778 Nacy 5 0
0 1431917973779 Rock 4 1
4 1431917973410 1431917973743
0 1431917973780 Rock 5 0
0 1431917973782 Nacy 5 1
0 1431917973783 Jim 6 1
4 1431917973114 1431917973717
3 Kaz 0
4 1431917972954 1431917973701
2 Jack
0 1431917973784 Matt 5 0
0 1431917973785 Matt 1 0
1
0 1431917973786 Mike 3 1
2 Kaz
4 1431917972928 1431917973702
0 1431917973788 Jim 5 0
0 1431917973789 Mike 4 0
2 Rock
3 Kaz 6
0 1431917973790 Mike 4 1
2 Matt
0 1431917973791 Rock 5 1
3 Matt 8
0 1431917973792 Matt 5 1
2 Matt
3 Mike 3
4 1431917973224 1431917973737
3 Kaz 2
4 1431917973444 1431917973759
0 1431917973794 Jim 5 1
0 1431917973795 Jim 0 0
0 1431917973796 Rock 3 0
1
3 Jack 3
3 Mike 0
0 1431917973797 Matt 1 0
0 1431917973799 Nacy 0 0
2 Nacy
0 1431917973800 Jack 6 1
3 Jack 8
2 Mike
4 1431917973621 1431917973783
0 1431917973801 Kaz 1 0
2 Jim
0 1431917973804 Rock 7 0
2 Kaz
0 1431917973805 Jack 4 0
1
2 Matt
1
1
0 1431917973806 Kaz 1 1
1
0 1431917973807 Jim 0 1
3 Rock 3
4 1431917972899 1431917973718
0 1431917973809 Jim 4 0
0 1431917973810 Rock 3 1
4 1431917973811 1431917973811
0 1431917973811 Mike 7 0
4 1431917972902 1431917973721
0 1431917973812 Mike 7 1
0 1431917973813 Jack 4 0
4 1431917972895 1431917973723
4 1431917973635 1431917973797
0 1431917973815 Rock 5 0
0 1431917973816 Rock 5 1
3 Mike 6
0 1431917973817 Jack 4 1
0 1431917973818 Rock 3 0
0 1431917973820 Jim 4 1
0 1431917973821 Nacy 0 1
0 1431917973822 Rock 3 1
2 Mike
3 Matt 8
1
1
0 1431917973825 Nacy 2 0
0 1431917973826 Jim 2 0
1
0 1431917973827 Nacy 2 1
0 1431917973828 Nacy 1 0
2 Matt
4 1431917973740 1431917973821
3 Jack 8
1
3 Nacy 1
2 Nacy
0 1431917973830 Kaz 2 0
0 1431917973831 Mike 5 0
3 Matt 8
1
0 1431917973832 Rock 8 0
0 1431917973834 Jim 2 1
3 Nacy 5
0 1431917973835 Kaz 2 1
2 Jack
0 1431917973836 Jim 5 0
0 1431917973837 Jack 0 0
2 Mike
0 1431917973838 Kaz 5 1
4 1431917972890 1431917973745
0 1431917973840 Matt 1 1
3 Rock 4
1
2 Jack
0 1431917973841 Jack 0 1
0 1431917973842 Mike 5 1
0 1431917973843 Matt 0 0
4 1431917973236 1431917973785
3 Mike 2
3 Nacy 2
0 1431917973846 Jim 5 1
3 Kaz 1
0 1431917973847 Mike 0 0
4 1431917973648 1431917973828
2 Jack
3 Rock 1
1
2 Jack
0 1431917973848 Rock 8 1
0 1431917973849 Nacy 1 1
1
1
0 1431917973850 Nacy 1 0
0 1431917973852 Jim 4 0
4 1431917973843 1431917973852
0 1431917973853 Jack 2 0
0 1431917973854 Jim 4 1
0 1431917973855 Matt 0 1
3 Jim 7
1
4 1431917973306 1431917973801
0 1431917973856 Jim 5 0
4 1431917973548 1431917973827
0 1431917973858 Matt 0 0
0 1431917973859 Jim 5 1
3 Mike 2
0 1431917973860 Rock 8 0
0 1431917973861 Rock 8 1
0 1431917973863 Matt 0 1
1
2 Rock
2 Nacy
1
1
0 1431917973864 Jack 2 1
0 1431917973865 Rock 1 0
0 1431917973869 Jim 4 0
2 Mike
0 1431917973870 Jack 3 0
1
1
0 1431917973871 Rock 1 1
1
0 1431917973874 Mike 3 0
4 1431917973175 1431917973805
3 Kaz 5
0 1431917973875 Jack 3 1
0 1431917973876 Nacy 1 1
4 1431917973127 1431917973802
4 1431917973257 1431917973815
0 1431917973877 Mike 0 1
2 Rock
0 1431917973879 Mike 3 0
0 1431917973880 Kaz 4 0
4 1431917973691 1431917973862
4 1431917973161 1431917973809
0 1431917973881 Rock 4 0
0 1431917973882 Rock 4 1
0 1431917973884 Nacy 0 0
0 1431917973885 Rock 7 0
0 1431917973886 Matt 5 0
0 1431917973887 Jack 4 0
4 1431917972958 1431917973795
0 1431917973888 Jack 4 1
4 1431917973390 1431917973840
0 1431917973890 Kaz 4 1
0 1431917973891 Rock 7 1
0 1431917973892 Jim 4 1
0 1431917973893 Jack 2 0
2 Rock
0 1431917973894 Jim 0 0
3 Jack 7
3 Jack 6
0 1431917973896 Rock 2 0
0 1431917973897 Jim 5 0
3 Jim 2
2 Jim
0 1431917973898 Jack 2 1
0 1431917973899 Kaz 5 0
2 Nacy
1
0 1431917973900 Rock 2 1
0 1431917973902 Jim 0 1
0 1431917973903 Rock 1 0
4 1431917973674 1431917973881
0 1431917973904 Nacy 0 1
4 1431917973295 1431917973844
0 1431917973905 Kaz 5 1
0 1431917973906 Jim 1 0
2 Matt
2 Mike
0 1431917973908 Mike 3 1
3 Kaz 0
0 1431917973909 Jack 8 0
0 1431917973911 Jim 1 1
2 Nacy
0 1431917973913 Mike 8 0
3 Kaz 5
0 1431917973914 Rock 1 1
3 Kaz 5
0 1431917973915 Matt 5 1
0 1431917973916 Mike 8 1
2 Rock
0 1431917973917 Rock 8 0
1
0 1431917973919 Rock 8 1
2 Nacy
0 1431917973920 Jim 8 0
1
0 1431917973921 Rock 3 0
0 1431917973922 Mike 1 0
2 Jack
0 1431917973924 Matt 6 0
0 1431917973925 Jack 8 1
0 1431917973926 Mike 1 1
0 1431917973927 Jack 2 0
0 1431917973928 Jim 8 1
2 Jack
3 Rock 1
4 1431917973930 1431917973930
3 Jim 6
0 1431917973930 Jack 2 1
0 1431917973931 Jim 0 0
1
2 Jim
0 1431917973932 Nacy 2 0
0 1431917973933 Nacy 2 1
2 Mike
0 1431917973935 Rock 3 1
0 1431917973936 Nacy 5 0
2 Matt
3 Kaz 7
0 1431917973937 Rock 8 1
4 1431917973648 1431917973909
1
3 Kaz 5
2 Kaz
4 1431917973818 1431917973926
4 1431917973388 1431917973883
0 1431917973938 Jim 0 1
0 1431917973939 Jack 2 0
2 Mike
0 1431917973941 Jack 2 1
0 1431917973942 Matt 6 1
2 Nacy
0 1431917973943 Matt 7 0
2 Jack
3 Rock 5
0 1431917973944 Matt 7 1
0 1431917973945 Jim 3 0
0 1431917973947 Kaz 8 0
0 1431917973948 Kaz 8 1
0 1431917973949 Jim 3 1
3 Jim 1
4 1431917973370 1431917973892
2 Matt
0 1431917973950 Mike 5 0
4 1431917973632 1431917973920
1
2 Rock
0 1431917973952 Nacy 2 0
0 1431917973954 Nacy 5 1
1
0 1431917973955 Rock 6 0
0 1431917973956 Kaz 7 0
0 1431917973958 Rock 6 1
0 1431917973959 Mike 5 1
0 1431917973960 Rock 5 0
3 Rock 4
4 1431917973391 1431917973904
0 1431917973961 Mike 3 0
1
0 1431917973962 Kaz 7 1
0 1431917973964 Rock 5 1
0 1431917973965 Nacy 8 0
2 Rock
0 1431917973966 Jim 1 1
0 1431917973967 Rock 6 0
3 Matt 5
1
0 1431917973968 Jack 5 0
0 1431917973970 Mike 3 1
2 Jack
4 1431917973892 1431917973964
0 1431917973972 Matt 0 0
1
0 1431917973973 Mike 3 1
0 1431917973975 Kaz 1 1
0 1431917973976 Rock 6 1
0 1431917973977 Mike 1 0
0 1431917973978 Mike 2 0
1
0 1431917973979 Matt 0 1
2 Jim
0 1431917973980 Rock 2 0
0 1431917973981 Nacy 2 0
0 1431917973982 Nacy 8 1
0 1431917973984 Kaz 7 0
0 1431917973985 Kaz 7 1
3 Kaz 4
0 1431917973986 Nacy 6 0
0 1431917973987 Jim 7 1
3 Nacy 1
4 1431917973968 1431917973986
2 Jack
0 1431917973988 Mike 1 1
0 1431917973989 Jack 5 1
2 Kaz
3 Jack 8
0 1431917973990 Jack 1 0
3 Jack 5
2 Kaz
3 Matt 4
0 1431917973991 Kaz 8 0
3 Mike 0
0 1431917973992 Mike 2 0
2 Rock
0 1431917973993 Nacy 6 1
0 1431917973994 Jim 7 1
1
0 1431917973995 Nacy 2 0
1
0 1431917973997 Jack 1 1
3 Mike 5
4 1431917973978 1431917973996
0 1431917973998 Matt 2 1
4 1431917973109 1431917973910
4 1431917973079 1431917973907
4 1431917973729 1431917973972
0 1431917973999 Kaz 8 1
0 1431917974000 Rock 2 1
0 1431917974001 Rock 2 0
0 1431917974002 Kaz 8 0
3 Kaz 5
0 1431917974003 Jack 8 0
3 Rock 4
1
4 1431917973014 1431917973905
0 1431917974004 Jack 8 1
0 1431917974005 Kaz 8 1
2 Rock
4 1431917973266 1431917973932
0 1431917974006 Jim 3 0
2 Mike
0 1431917974007 Kaz 4 0
0 1431917974009 Jack 3 0
0 1431917974010 Jim 3 1
0 1431917974011 Mike 2 1
0 1431917974012 Kaz 4 1
1
1
1
2 Jim
2 Kaz
0 1431917974013 Nacy 2 1
0 1431917974014 Kaz 0 0
0 1431917974015 Matt 7 0
1
0 1431917974016 Rock 2 1
0 1431917974017 Nacy 4 0
3 Jack 4
0 1431917974018 Kaz 0 1
0 1431917974019 Rock 4 0
0 1431917974020 Nacy 4 1
0 1431917974021 Kaz 7 0
0 1431917974023 Rock 4 1
1
0 1431917974024 Matt 7 1
0 1431917974025 Mike 6 0
0 1431917974026 Nacy 0 0
1
2 Kaz
0 1431917974027 Jim 6 0
0 1431917974028 Mike 6 1
4 1431917973529 1431917973979
4 1431917973629 1431917973989
0 1431917974029 Kaz 7 1
0 1431917974030 Rock 6 0
3 Kaz 3
0 1431917974031 Nacy 0 1
0 1431917974032 Matt 1 0
0 1431917974033 Mike 1 0
0 1431917974035 Kaz 3 0
0 1431917974036 Matt 1 1
0 1431917974037 Mike 1 1
0 1431917974038 Mike 5 0
0 1431917974039 Nacy 7 0
0 1431917974041 Jim 6 1
0 1431917974042 Mike 5 1
0 1431917974043 Rock 6 1
0 1431917974044 Mike 3 0
0 1431917974046 Rock 0 0
0 1431917974047 Matt 6 0
0 1431917974048 Jack 3 1
0 1431917974049 Kaz 3 1
0 1431917974050 Nacy 7 1
4 1431917973731 1431917974019
0 1431917974051 Matt 6 1
0 1431917974052 Matt 4 0
0 1431917974053 Kaz 8 0
4 1431917973384 1431917973987
0 1431917974054 Matt 4 1
1
4 1431917973715 1431917974021
0 1431917974055 Matt 8 0
0 1431917974056 Nacy 0 0
4 1431917973747 1431917974026
0 1431917974057 Jim 5 0
3 Mike 0
0 1431917974058 Rock 0 0
0 1431917974060 Jim 5 1
1
0 1431917974061 Jim 2 0
0 1431917974062 Matt 8 1
0 1431917974063 Kaz 8 1
0 1431917974064 Mike 3 1
1
4 1431917973805 1431917974039
3 Jim 5
3 Rock 4
0 1431917974065 Nacy 0 1
2 Matt
0 1431917974066 Jack 3 0
0 1431917974067 Jim 2 1
0 1431917974068 Matt 5 0
4 1431917973179 1431917973980
0 1431917974069 Nacy 0 0
0 1431917974070 Mike 2 0
2 Kaz
4 1431917973741 1431917974038
0 1431917974071 Matt 5 1
0 1431917974073 Jim 1 0
0 1431917974074 Kaz 7 0
0 1431917974075 Kaz 7 1
0 1431917974076 Kaz 1 0
0 1431917974077 Jim 1 1
0 1431917974078 Mike 2 1
0 1431917974079 Nacy 0 1
0 1431917974080 Nacy 1 0
0 1431917974081 Jack 3 1
2 Rock
0 1431917974082 Mike 7 0
0 1431917974085 Rock 8 0
4 1431917973226 1431917974000
3 Jack 6
0 1431917974086 Nacy 1 1
0 1431917974087 Nacy 7 0
0 1431917974088 Mike 7 1
3 Mike 2
0 1431917974089 Mike 2 1
0 1431917974090 Kaz 1 1
3 Nacy 3
4 1431917973231 1431917974005
0 1431917974091 Kaz 4 0
1
4 1431917974062 1431917974089
1
0 1431917974092 Rock 0 1
0 1431917974093 Rock 2 0
0 1431917974095 Jim 3 0
0 1431917974096 Nacy 7 1
0 1431917974097 Matt 8 0
4 1431917973588 1431917974047
0 1431917974098 Nacy 0 0
0 1431917974099 Rock 2 1
0 1431917974100 Matt 8 1
1
1
0 1431917974101 Rock 7 0
3 Nacy 5
3 Kaz 4
0 1431917974102 Rock 7 1
0 1431917974103 Jack 8 0
2 Matt
3 Jim 5
0 1431917974104 Rock 6 0
4 1431917973885 1431917974083
0 1431917974105 Nacy 0 1
0 1431917974106 Kaz 4 1
2 Nacy
0 1431917974108 Mike 0 1
3 Matt 7
0 1431917974109 Mike 4 0
0 1431917974110 Rock 4 0
0 1431917974111 Jack 8 1
4 1431917974062 1431917974107
0 1431917974112 Rock 6 1
0 1431917974113 Jack 5 0
0 1431917974114 Jack 5 1
0 1431917974115 Mike 4 1
4 1431917973407 1431917974046
0 1431917974117 Jack 1 0
0 1431917974118 Jack 1 1
0 1431917974119 Jim 3 1
2 Matt
0 1431917974120 Jack 8 1
0 1431917974121 Jack 8 0
1
0 1431917974123 Nacy 3 0
0 1431917974124 Jack 8 1
1
2 Kaz
0 1431917974125 Jack 7 0
0 1431917974126 Matt 8 0
4 1431917973867 1431917974101
4 1431917973717 1431917974086
0 1431917974127 Matt 8 1
0 1431917974128 Rock 2 0
0 1431917974130 Jim 0 0
2 Matt
4 1431917973661 1431917974084
0 1431917974131 Kaz 4 0
4 1431917973992 1431917974118
0 1431917974132 Mike 0 0
0 1431917974133 Jack 7 1
1
0 1431917974134 Rock 2 1
0 1431917974136 Jim 0 1
0 1431917974137 Jack 4 1
0 1431917974138 Jack 8 0
3 Mike 2
0 1431917974139 Matt 7 0
2 Matt
0 1431917974141 Kaz 4 1
3 Matt 3
3 Kaz 5
0 1431917974142 Nacy 3 1
1
4 1431917973253 1431917974054
2 Jim
1
1
1
0 1431917974143 Jack 8 1
1
0 1431917974144 Mike 0 1
1
0 1431917974145 Rock 0 1
2 Kaz
0 1431917974147 Nacy 0 0
0 1431917974148 Rock 5 0
0 1431917974149 Nacy 0 1
1
0 1431917974150 Kaz 5 0
0 1431917974151 Jim 5 0
0 1431917974152 Jim 5 0
1
0 1431917974154 Mike 7 0
0 1431917974155 Rock 5 1
0 1431917974156 Matt 7 1
3 Nacy 8
0 1431917974157 Rock 7 1
1
0 1431917974158 Kaz 5 1
2 Rock
3 Kaz 4
1
0 1431917974159 Mike 7 1
4 1431917973331 1431917974078
0 1431917974161 Mike 5 0
0 1431917974162 Nacy 6 0
3 Nacy 0
0 1431917974163 Jack 7 1
0 1431917974164 Jim 6 0
0 1431917974165 Mike 5 1
0 1431917974167 Matt 8 0
2 Rock
0 1431917974168 Rock 2 0
2 Nacy
2 Kaz
0 1431917974169 Matt 8 1
2 Nacy
2 Rock
2 Matt
3 Rock 2
0 1431917974170 Mike 4 1
3 Matt 5
0 1431917974171 Nacy 6 1
1
4 1431917973742 1431917974129
3 Matt 5
0 1431917974172 Jim 5 1
0 1431917974174 Rock 2 1
0 1431917974175 Matt 0 0
2 Matt
0 1431917974176 Matt 0 1
1
0 1431917974177 Nacy 8 0
0 1431917974178 Mike 0 0
0 1431917974180 Jack 0 0
3 Nacy 7
1
2 Kaz
3 Rock 6
0 1431917974181 Matt 7 0
0 1431917974182 Jim 2 1
4 1431917973233 1431917974088
3 Jack 3
1
0 1431917974183 Jack 2 0
0 1431917974184 Mike 0 1
0 1431917974186 Matt 7 1
0 1431917974187 Jack 0 1
3 Nacy 0
0 1431917974188 Rock 1 0
0 1431917974189 Jack 3 0
3 Nacy 6
1
0 1431917974191 Jack 3 1
0 1431917974192 Kaz 2 0
0 1431917974193 Jim 3 0
0 1431917974194 Jim 3 1
0 1431917974195 Mike 7 0
1
2 Rock
3 Mike 6
0 1431917974196 Jim 8 0
3 Rock 8
0 1431917974198 Jack 3 0
0 1431917974199 Kaz 7 0
0 1431917974200 Mike 7 1
0 1431917974201 Rock 1 1
0 1431917974202 Matt 1 0
3 Rock 4
1
0 1431917974204 Matt 1 1
0 1431917974205 Matt 5 0
0 1431917974206 Kaz 2 1
4 1431917973517 1431917974138
4 1431917973937 1431917974180
0 1431917974207 Rock 2 0
0 1431917974208 Matt 5 1
1
0 1431917974209 Matt 2 0
0 1431917974210 Kaz 4 0
0 1431917974211 Jack 3 1
0 1431917974213 Kaz 2 0
2 Jack
0 1431917974214 Rock 2 1
0 1431917974215 Kaz 4 1
0 1431917974216 Matt 2 1
2 Mike
4 1431917973337 1431917974129
0 1431917974217 Rock 1 0
4 1431917973968 1431917974193
0 1431917974218 Mike 5 0
0 1431917974219 Mike 6 0
0 1431917974220 Kaz 3 0
0 1431917974222 Nacy 8 1
0 1431917974223 Jack 5 0
3 Matt 8
1
0 1431917974224 Matt 2 0
0 1431917974225 Mike 5 1
0 1431917974226 Jack 1 0
4 1431917973538 1431917974159
0 1431917974228 Rock 1 1
4 1431917974139 1431917974220
0 1431917974229 Matt 2 1
0 1431917974230 Rock 5 0
0 1431917974231 Mike 1 0
0 1431917974232 Jack 5 1
2 Matt
0 1431917974234 Nacy 8 0
3 Rock 7
2 Jim
2 Rock
3 Nacy 7
3 Mike 1
2 Nacy
0 1431917974235 Mike 1 1
0 1431917974236 Kaz 3 1
0 1431917974237 Jack 8 1
1
0 1431917974238 Mike 8 0
0 1431917974240 Rock 5 1
0 1431917974241 Jim 8 1
3 Kaz 0
0 1431917974242 Jack 3 0
0 1431917974243 Jack 3 1
3 Matt 3
0 1431917974244 Jack 5 0
0 1431917974246 Nacy 8 1
0 1431917974247 Rock 2 0
3 Kaz 8
0 1431917974248 Kaz 8 0
1
3 Rock 1
0 1431917974249 Matt 4 0
0 1431917974251 Kaz 8 1
4 1431917973732 1431917974200
1
0 1431917974252 Mike 8 1
1
0 1431917974253 Rock 2 1
0 1431917974255 Matt 4 1
0 1431917974256 Matt 1 0
0 1431917974259 Kaz 6 0
0 1431917974260 Matt 1 1
0 1431917974262 Kaz 6 1
0 1431917974263 Nacy 8 0
0 1431917974264 Mike 1 0
0 1431917974266 Kaz 5 0
0 1431917974267 Jim 5 0
0 1431917974269 Matt 2 0
0 1431917974270 Jack 5 1
4 1431917974211 1431917974265
0 1431917974271 Kaz 5 1
2 Kaz
0 1431917974273 Kaz 0 0
0 1431917974274 Matt 2 1
0 1431917974275 Matt 2 0
0 1431917974276 Jim 5 1
3 Matt 2
1
0 1431917974281 Jack 2 0
3 Rock 4
2 Jack
1
0 1431917974283 Matt 2 1
0 1431917974284 Jim 1 0
0 1431917974285 Mike 1 1
1
2 Jim
0 1431917974287 Rock 5 1
3 Nacy 7
0 1431917974289 Nacy 8 1
0 1431917974290 Kaz 0 1
4 1431917973381 1431917974200
4 1431917974181 1431917974280
0 1431917974291 Matt 5 0
0 1431917974293 Rock 4 0
0 1431917974294 Jim 1 1
4 1431917974095 1431917974275
0 1431917974295 Jack 2 1
0 1431917974297 Jack 3 0
0 1431917974298 Mike 4 1
0 1431917974300 Kaz 2 0
3 Jim 4
0 1431917974301 Mike 7 1
1
0 1431917974302 Rock 4 1
0 1431917974304 Kaz 2 1
0 1431917974305 Jim 0 0
0 1431917974306 Nacy 1 0
0 1431917974308 Nacy 1 1
0 1431917974309 Kaz 2 0
0 1431917974310 Jack 3 1
0 1431917974312 Jim 0 1
2 Matt
0 1431917974313 Nacy 4 0
0 1431917974314 Nacy 4 1
3 Rock 6
0 1431917974316 Mike 8 0
0 1431917974317 Matt 5 1
0 1431917974318 Jim 8 0
4 1431917973510 1431917974239
2 Jack
0 1431917974320 Kaz 2 1
0 1431917974321 Matt 4 0
1
0 1431917974322 Nacy 4 0
0 1431917974323 Rock 5 0
0 1431917974324 Kaz 8 1
1
0 1431917974326 Jim 8 1
2 Jim
0 1431917974327 Kaz 3 1
0 1431917974328 Matt 4 1
0 1431917974329 Jack 3 0
0 1431917974330 Nacy 4 1
0 1431917974332 Jack 3 1
0 1431917974333 Nacy 8 0
0 1431917974334 Mike 8 1
2 Rock
0 1431917974336 Nacy 8 1
0 1431917974337 Matt 5 0
0 1431917974339 Jack 4 0
0 1431917974340 Matt 5 1
4 1431917973372 1431917974245
0 1431917974342 Nacy 8 0
0 1431917974343 Jim 3 0
2 Kaz
1
4 1431917974224 1431917974332
4 1431917974114 1431917974321
0 1431917974344 Nacy 8 1
3 Jim 6
0 1431917974346 Kaz 5 0
4 1431917974177 1431917974330
0 1431917974347 Matt 2 0
4 1431917974138 1431917974327
0 1431917974348 Nacy 1 0
4 1431917973880 1431917974303
1
